   observer     x           y            z       Thickness    Loading      Total
        1      0.000      -15.24       0.000       78.43       71.87       79.93    
        2      10.78      -10.78       0.000       78.43       71.91       80.02    
        3      15.24       0.000       0.000       78.42       72.10       79.93    
        4      10.78       10.78       0.000       78.43       71.83       79.90    
        5      0.000      -14.72       3.944       76.41       75.98       79.57    
        6      10.41      -10.41       3.944       76.40       75.71       79.57    
        7      14.72       0.000       3.944       76.40       76.03       79.51    
        8      10.41       10.41       3.944       76.41       75.80       79.38    
        9      0.000      -13.20       7.620       70.54       74.48       75.93    
       10      9.333      -9.333       7.620       70.55       74.01       75.77    
       11      13.20       0.000       7.620       70.54       74.43       75.81    
       12      9.333       9.333       7.620       70.55       74.19       75.51    
       13      0.000      -10.78       10.78       61.83       69.42       69.77    
       14      7.620      -7.620       10.78       61.84       68.70       69.45    
       15      10.78       0.000       10.78       61.83       69.28       69.68    
       16      7.620       7.620       10.78       61.83       68.96       69.25    
       17      0.000      -7.620       13.20       50.87       61.36       61.44    
       18      5.388      -5.388       13.20       50.87       60.12       60.65    
       19      7.620       0.000       13.20       50.89       61.34       61.51    
       20      5.388       5.388       13.20       50.88       60.48       60.36    
       21      0.000      -3.944       14.72       34.33       53.41       53.22    
       22      2.789      -2.789       14.72       34.68       52.80       53.03    
       23      3.944       0.000       14.72       34.26       54.16       54.18    
       24      2.789       2.789       14.72       34.34       52.73       52.55    
       25      0.000       0.000       15.24      -55.44       54.88       54.88    
